      0/99     2.04G   0.08376     1.092         0     1.176        54       544  0.006785   0.03288 0.0006832 0.0001062    0.1058   0.05922         0
      1/99     2.14G   0.08184   0.02275         0    0.1046        56       480    0.0199   0.03191  0.001696 0.0002638    0.1054   0.01531         0
      2/99     2.09G   0.08049   0.01087         0   0.09135        58       352   0.02673   0.02901  0.002325 0.0003618    0.1047   0.01382         0
      3/99     7.74G   0.07865   0.01106         0   0.08971        44       928   0.03861   0.04642  0.005546 0.0009205    0.1034   0.01351         0
      4/99     7.64G   0.07719   0.01092         0   0.08811        88       736     0.113   0.05996   0.02459  0.005443    0.1014   0.01304         0
      5/99     11.1G   0.07296   0.01048         0   0.08344        81       352    0.1022   0.08801   0.02893  0.008255   0.09891   0.01275         0
      6/99     11.1G   0.06751   0.00932         0   0.07683        46       352     0.196    0.2205     0.117     0.037   0.09546   0.01173         0
      7/99     7.78G   0.06336  0.009581         0   0.07294        68       896    0.3579    0.2234    0.1753   0.05999   0.09182   0.01196         0
      8/99     7.54G   0.06029   0.01018         0   0.07047        54       512    0.4911     0.265     0.264   0.09616   0.08843    0.0128         0
      9/99     8.11G   0.05484   0.01002         0   0.06485        68       960    0.4244    0.3423    0.2877    0.1001   0.08363   0.01244         0
     10/99     8.29G   0.05197   0.01104         0   0.06301        80       384    0.4136    0.3511    0.2954    0.1204   0.08069   0.01207         0
     11/99     2.24G    0.0497   0.01021         0   0.05992        37       640    0.3799    0.4022    0.3121    0.1239   0.07801   0.01244         0
     12/99     12.8G    0.0486   0.01001         0   0.05861        76       736    0.5759    0.3191    0.3582     0.148   0.07673    0.0125         0
     13/99     2.32G   0.04691  0.009115         0   0.05603        51       672    0.5277     0.412    0.3897    0.1592   0.07454   0.01281         0
     14/99     12.4G   0.04607   0.01027         0   0.05634        54       512    0.5377    0.3897    0.3957     0.161   0.07471   0.01252         0
     15/99     2.28G   0.04624   0.01094         0   0.05718        80       448    0.5585    0.3578    0.3691    0.1467   0.07525   0.01275         0
     16/99     7.69G   0.04452  0.009476         0     0.054        84       768    0.5585    0.3946    0.4111    0.1715   0.07247   0.01263         0
     17/99     7.66G    0.0442   0.00957         0   0.05377        59       800    0.5023      0.41    0.3891    0.1654   0.07538    0.0128         0
     18/99     11.3G   0.04465    0.0105         0   0.05515        49       960    0.5865    0.3656    0.3854    0.1562   0.07428   0.01263         0
     19/99     11.3G   0.04398  0.009571         0   0.05355        57       768    0.5468     0.434    0.4206    0.1736   0.07199    0.0128         0
     20/99     11.3G   0.04544   0.01114         0   0.05658        46       544     0.512    0.3926    0.3894    0.1703   0.07255    0.0133         0
     21/99     11.3G   0.04462   0.01158         0    0.0562        53       960    0.5241     0.443    0.4309    0.1776   0.07287   0.01281         0
     22/99     11.3G   0.04435   0.01071         0   0.05506        76       352    0.6058     0.382    0.4106    0.1811   0.07287    0.0128         0
     23/99     11.3G   0.04432   0.01159         0   0.05591        49       384    0.4677    0.3772    0.3486    0.1437   0.07409   0.01354         0
     24/99     11.3G   0.04443   0.01025         0   0.05468        36       672    0.3598    0.2988    0.2628    0.1122   0.07689   0.01555         0
     25/99     11.3G   0.04305   0.01052         0   0.05357        77       352    0.5629    0.3868    0.3863    0.1623   0.07343   0.01334         0
     26/99     11.3G   0.04446   0.01101         0   0.05547        72       896    0.5686    0.4323     0.432    0.1834   0.07135   0.01294         0
     27/99     11.3G   0.04307  0.009606         0   0.05267        51       896     0.632    0.3936    0.4398    0.1869   0.07104   0.01302         0
     28/99     3.05G   0.04245  0.009505         0   0.05195        53       320    0.4909    0.4009    0.3885    0.1758   0.06971   0.01408         0
     29/99     2.15G   0.04282   0.01072         0   0.05354       102       576    0.5298    0.3839    0.3965    0.1764   0.06938   0.01361         0
     30/99     12.9G   0.04232   0.01132         0   0.05364        49       576    0.5268    0.3965    0.3929     0.171   0.06975   0.01364         0
     31/99     7.78G   0.04113    0.0109         0   0.05203        53       864    0.6077    0.4836    0.5019    0.2179   0.06815   0.01305         0
     32/99     11.1G   0.04102  0.009338         0   0.05035        55       480    0.6824    0.4449    0.5007     0.215   0.06738   0.01303         0
     33/99     11.1G    0.0409   0.01104         0   0.05194        63       928    0.5767    0.4101    0.4417    0.2058   0.06667   0.01386         0
     34/99     11.1G   0.04032   0.01142         0   0.05174        46       640     0.577    0.4881    0.4905    0.2169   0.06606   0.01355         0
     35/99     11.1G   0.04008   0.01002         0    0.0501        44       576    0.5874    0.4516    0.4575    0.2042   0.06672   0.01373         0
     36/99     11.1G   0.04012   0.01008         0    0.0502        57       960    0.6131    0.4555    0.4875    0.2104   0.06519   0.01401         0
     37/99     11.1G   0.03914   0.01007         0   0.04921        59       544    0.5819    0.4294    0.4325    0.1972    0.0669   0.01409         0
     38/99     11.1G   0.03998   0.01025         0   0.05023        73       320    0.5725    0.5145    0.5055    0.2194   0.06643   0.01371         0
     39/99      2.2G   0.03939  0.009885         0   0.04927        27       608     0.611    0.4468    0.4754    0.2144   0.06478   0.01405         0
     40/99     12.6G   0.03969   0.01073         0   0.05042        53       384    0.5844    0.4603    0.4743    0.2242   0.06544   0.01391         0
     41/99     12.6G   0.03918  0.009383         0   0.04857        84       672    0.5964    0.4787    0.4932    0.2277   0.06515   0.01376         0
     42/99     12.6G   0.03844  0.009683         0   0.04813        61       960    0.6555    0.4932    0.5248     0.235   0.06423   0.01388         0
     43/99     12.6G   0.03915   0.01027         0   0.04942        73       928    0.5762    0.4971    0.5001    0.2235   0.06526   0.01456         0
     44/99     12.6G   0.03845  0.009524         0   0.04797        52       480    0.6183    0.5029    0.5209    0.2439   0.06439    0.0135         0
     45/99     12.6G   0.03792  0.009474         0   0.04739        51       896    0.5264      0.53    0.4957    0.2305   0.06383   0.01407         0
     46/99     12.6G   0.03843  0.009256         0   0.04769        45       384    0.6011    0.5058    0.5102    0.2318   0.06313   0.01365         0
     47/99     12.6G   0.03795   0.01012         0   0.04807        66       896    0.6592    0.4855    0.5233    0.2317   0.06343   0.01413         0
     48/99     12.6G   0.03746   0.01071         0   0.04817        52       512    0.6012    0.5532    0.5526    0.2578     0.062   0.01383         0
     49/99     12.6G   0.03728   0.01057         0   0.04785        45       672    0.5994    0.5271    0.5311    0.2424   0.06078    0.0143         0
     50/99     12.6G   0.03749   0.01026         0   0.04775        65       672    0.6792    0.4691    0.5318    0.2469    0.0603   0.01467         0
     51/99     12.6G   0.03705  0.008634         0   0.04569        84       928    0.6132    0.5289    0.5378    0.2525   0.06021   0.01433         0
     52/99     12.6G   0.03675   0.01111         0   0.04785        71       928    0.6351    0.4932    0.5192    0.2372   0.05998   0.01472         0
     53/99     12.6G   0.03675  0.009673         0   0.04643        43       320    0.6695    0.5435    0.5662    0.2624   0.05876   0.01415         0
     54/99     12.6G   0.03626   0.00944         0    0.0457        59       384     0.719    0.5222    0.5734    0.2665   0.05924   0.01425         0
     55/99     12.6G   0.03662   0.01199         0   0.04861        64       896    0.6539    0.5087    0.5476    0.2634   0.05951   0.01417         0
     56/99     12.6G   0.03631    0.0126         0   0.04892        56       352    0.5848    0.5793    0.5659    0.2598   0.05866   0.01406         0
     57/99     12.6G    0.0357  0.009961         0   0.04566        70       608    0.7029    0.5184    0.5756    0.2719   0.05782   0.01406         0
     58/99     12.6G   0.03585   0.01033         0   0.04619        50       672    0.6846    0.5174    0.5665    0.2697   0.05864    0.0139         0
     59/99     12.6G   0.03526   0.01071         0   0.04598        65       608    0.6229    0.5803    0.5768     0.265   0.05801    0.0143         0
     60/99     12.6G   0.03523   0.00944         0   0.04467        70       928    0.6371    0.5619    0.5733    0.2743   0.05807   0.01387         0
     61/99     12.6G   0.03509   0.01052         0   0.04561        91       576    0.7051    0.5455      0.58    0.2736   0.05867   0.01464         0
     62/99     12.6G   0.03514   0.00928         0   0.04442        29       960    0.7321    0.5154    0.5841    0.2736   0.05652   0.01443         0
     63/99     12.6G   0.03397  0.009223         0   0.04319        33       352    0.6264    0.5269    0.5441    0.2608   0.05662   0.01472         0
     64/99     7.55G   0.03485  0.008995         0   0.04385        45       832    0.6591    0.5803    0.5944     0.284   0.05632   0.01374         0
     65/99     10.6G    0.0345  0.009221         0   0.04372       109       896    0.7038    0.5608    0.6033    0.2822   0.05627   0.01398         0
     66/99     10.6G   0.03427   0.00934         0   0.04361        72       672    0.6658    0.5861    0.5992    0.2886   0.05508   0.01376         0
     67/99     2.57G   0.03393  0.009736         0   0.04366        45       416    0.7029    0.5638    0.6116    0.2863   0.05512   0.01392         0
     68/99     12.6G   0.03375  0.008806         0   0.04256        70       640    0.6602    0.5638    0.5845    0.2766   0.05489   0.01382         0
     69/99     12.6G   0.03362  0.009784         0   0.04341        36       480    0.7058    0.5851     0.613    0.2933   0.05424   0.01413         0
     70/99     12.6G   0.03422   0.01022         0   0.04444        60       320    0.6828    0.5938    0.6176    0.2936   0.05396   0.01368         0
     71/99     12.6G   0.03444   0.01067         0   0.04511        47       320    0.6894    0.5859    0.6039    0.2884   0.05387   0.01398         0
     72/99     12.6G   0.03417   0.01026         0   0.04443        54       448     0.702    0.5627    0.6035    0.2884   0.05396    0.0137         0
     73/99     12.6G   0.03442   0.01017         0   0.04459        57       512    0.7253      0.56    0.6075    0.2903   0.05422   0.01367         0
     74/99     12.6G   0.03377  0.009049         0   0.04282        53       896    0.7149    0.5771    0.6141    0.2905    0.0542   0.01387         0
     75/99     12.6G   0.03386   0.00917         0   0.04303        37       576    0.7132    0.5803    0.6144    0.2891   0.05345    0.0138         0
     76/99     12.6G     0.034  0.009857         0   0.04385        77       448    0.6983    0.5725     0.609    0.2936   0.05294   0.01387         0
     77/99     12.6G   0.03367   0.01001         0   0.04368        48       672    0.7243    0.5667    0.6172    0.2969   0.05262   0.01395         0
     78/99     12.6G   0.03282    0.0102         0   0.04302        38       544     0.719    0.5742    0.6179     0.299   0.05258   0.01376         0
     79/99     12.6G   0.03403  0.008714         0   0.04275        58       864    0.7032    0.5735    0.6109    0.2936   0.05274   0.01388         0
     80/99     12.6G   0.03362   0.01175         0   0.04538        90       352    0.7432     0.559    0.6144    0.2964   0.05307   0.01383         0
     81/99     12.6G   0.03277  0.009009         0   0.04178        42       480     0.679    0.5928    0.6139    0.2956   0.05249    0.0138         0
     82/99     12.6G   0.03315   0.01008         0   0.04324        59       608    0.6814    0.5754    0.6019    0.2933   0.05234   0.01382         0
     83/99     12.6G   0.03394   0.01091         0   0.04485        44       544    0.7083    0.5851    0.6259    0.3031   0.05232   0.01375         0
     84/99     12.6G   0.03309   0.01022         0   0.04332        57       544     0.718    0.5716    0.6107    0.2997   0.05237   0.01371         0
     85/99     12.6G   0.03308   0.00956         0   0.04264        80       608    0.6818    0.6015    0.6225    0.3014   0.05216   0.01384         0
     86/99     12.6G   0.03327  0.008889         0   0.04216        71       384    0.7159    0.5609    0.6078    0.2987   0.05246   0.01377         0
     87/99     12.6G   0.03304  0.009659         0    0.0427        77       640     0.712    0.5909    0.6256    0.3038   0.05184   0.01378         0
     88/99     12.6G   0.03294   0.01129         0   0.04423        37       832    0.7327    0.5861      0.63    0.3076   0.05193    0.0138         0
     89/99     12.6G   0.03218  0.009909         0   0.04209        78       736    0.7401    0.5735    0.6194    0.3019   0.05159   0.01397         0
     90/99     12.6G   0.03187  0.009405         0   0.04128        34       416    0.7355    0.5781    0.6236    0.3079   0.05146   0.01388         0
     91/99     12.6G   0.03304  0.009644         0   0.04269        73       352    0.7407    0.5773     0.622    0.3033   0.05148   0.01393         0
     92/99     12.6G   0.03254  0.009298         0   0.04184        42       768    0.7566    0.5716    0.6218    0.3033   0.05165   0.01383         0
     93/99     12.6G   0.03239  0.009694         0   0.04208        63       320    0.7609    0.5677    0.6217    0.3069   0.05152   0.01385         0
     94/99     12.6G   0.03214  0.009023         0   0.04116        40       480    0.7549     0.572    0.6249    0.3078   0.05163   0.01389         0
     95/99     12.6G   0.03238  0.008523         0    0.0409        51       320    0.7454    0.5696    0.6181    0.3046   0.05155   0.01392         0
     96/99     12.6G   0.03211   0.01026         0   0.04237        54       384    0.7386    0.5716    0.6212    0.3076   0.05149   0.01386         0
     97/99     12.6G   0.03253   0.01011         0   0.04264        70       448    0.7458    0.5716    0.6199    0.3076   0.05155   0.01386         0
     98/99     12.6G   0.03213  0.009069         0    0.0412        85       416    0.7473    0.5793    0.6241    0.3058   0.05165   0.01387         0
     99/99     12.6G   0.03214   0.01051         0   0.04265        50       896     0.757    0.5725    0.6255      0.31    0.0514   0.01386         0
