      0/99     4.29G   0.08167     1.091         0     1.173        54       640  0.006745   0.02901  0.000746 0.0001393    0.1058   0.05985         0
      1/99     4.66G   0.08102    0.0222         0    0.1032        56       640   0.02687   0.02805  0.001926 0.0003137    0.1054   0.01535         0
      2/99     4.66G   0.07964   0.01031         0   0.08995        58       640   0.02911   0.04545  0.003275 0.0005637    0.1048   0.01377         0
      3/99     4.66G   0.07791  0.009122         0   0.08703        44       640    0.0565   0.03868  0.006512  0.001048    0.1037   0.01352         0
      4/99     4.66G    0.0761  0.008853         0   0.08496        88       640   0.08044   0.08124   0.02146   0.00417    0.1011   0.01322         0
      5/99     4.66G   0.07136  0.008985         0   0.08035        81       640    0.1247    0.1296   0.05282   0.01452   0.09796   0.01216         0
      6/99     4.66G   0.06666  0.008435         0   0.07509        46       640    0.2672     0.176    0.1108   0.03007   0.09531   0.01169         0
      7/99     4.66G   0.06096  0.008498         0   0.06945        68       640    0.4312    0.2021     0.202   0.07122   0.08907    0.0122         0
      8/99     4.66G    0.0561  0.008566         0   0.06467        54       640    0.4514    0.3072    0.2921    0.1071   0.08486   0.01218         0
      9/99     4.66G    0.0523  0.008765         0   0.06107        68       640    0.4816    0.3298    0.3067    0.1107   0.08122   0.01272         0
     10/99     4.66G   0.04983  0.008803         0   0.05864        80       640    0.5491    0.3839    0.3663    0.1416   0.07898   0.01238         0
     11/99     4.66G   0.04748  0.009134         0   0.05661        37       640    0.5152    0.3946    0.3721    0.1498   0.07666   0.01247         0
     12/99     4.66G   0.04675  0.008996         0   0.05574        76       640    0.5671    0.3956    0.3998     0.163     0.075   0.01236         0
     13/99     4.66G   0.04647  0.008687         0   0.05516        51       640    0.6111    0.3772    0.4022    0.1739   0.07487   0.01227         0
     14/99     4.66G    0.0447  0.008906         0   0.05361        54       640     0.617    0.3907    0.4214    0.1679   0.07495   0.01255         0
     15/99     4.66G   0.04428  0.009016         0    0.0533        80       640     0.677    0.3733    0.4292    0.1676   0.07536   0.01215         0
     16/99     4.66G   0.04432  0.008816         0   0.05314        84       640    0.5419    0.4178    0.4208    0.1748   0.07283   0.01247         0
     17/99     4.66G   0.04394  0.008688         0   0.05263        59       640    0.5957    0.3801    0.4129    0.1657   0.07347   0.01267         0
     18/99     4.66G   0.04287  0.008864         0   0.05174        49       640    0.5855    0.4081    0.4174      0.18    0.0718   0.01274         0
     19/99     4.66G   0.04296  0.008988         0   0.05194        57       640    0.6368    0.4494    0.4819    0.1852   0.07266   0.01238         0
     20/99     4.66G   0.04345  0.008942         0   0.05239        46       640    0.5193    0.4391    0.4271     0.181    0.0724   0.01254         0
     21/99     4.66G   0.04229  0.008919         0   0.05121        53       640    0.6366    0.4304    0.4616    0.1929   0.07234   0.01255         0
     22/99     4.66G   0.04227  0.008845         0   0.05112        76       640    0.5405    0.4342    0.4216    0.1772   0.07133   0.01272         0
     23/99     4.66G   0.04207  0.008775         0   0.05084        49       640    0.5849    0.3885    0.4003    0.1636   0.07245   0.01323         0
     24/99     4.66G   0.04276   0.00879         0   0.05155        36       640    0.5688    0.4023    0.4205    0.1764   0.07267   0.01333         0
     25/99     4.66G   0.04161   0.00887         0   0.05048        77       640    0.5433    0.4855    0.4549    0.1922    0.0712   0.01283         0
     26/99     4.66G   0.04232  0.009139         0   0.05146        72       640    0.6228    0.4139    0.4521    0.1977   0.07135   0.01305         0
     27/99     4.66G   0.04161  0.008771         0   0.05038        51       640    0.5719       0.5    0.4941    0.1997   0.07056   0.01226         0
     28/99     4.66G   0.04101  0.008633         0   0.04964        53       640    0.5955    0.4671    0.4922    0.2189   0.07039    0.0125         0
     29/99     4.66G   0.04116    0.0087         0   0.04986       102       640    0.5496     0.412    0.4163    0.1761   0.07125   0.01364         0
     30/99     4.66G   0.04048  0.008802         0   0.04928        49       640    0.5729    0.4362    0.4379    0.1956   0.07051   0.01339         0
     31/99     4.66G   0.03993  0.008959         0   0.04889        53       640    0.5994    0.4536    0.4734    0.2214   0.06955   0.01307         0
     32/99     4.66G   0.03961  0.008416         0   0.04802        55       640    0.6454    0.4612    0.5056     0.234   0.06913   0.01242         0
     33/99     4.66G   0.03903  0.008801         0   0.04783        63       640    0.6058    0.5368    0.5308    0.2346   0.06856   0.01234         0
     34/99     4.66G   0.03808  0.008263         0   0.04635        46       640    0.6044    0.4979    0.5036     0.229   0.06857    0.0126         0
     35/99     4.66G   0.03889  0.008433         0   0.04733        44       640    0.5764    0.4265    0.4328    0.1964   0.07117   0.01403         0
     36/99     4.66G   0.03771  0.008527         0   0.04623        57       640     0.598    0.4907    0.4971    0.2309   0.06788   0.01282         0
     37/99     4.66G   0.03728  0.008134         0   0.04541        59       640    0.6426    0.5198    0.5375     0.249   0.06718   0.01257         0
     38/99     4.66G   0.03799   0.00848         0   0.04646        73       640    0.6022    0.5184    0.5157    0.2325   0.06791    0.0129         0
     39/99     4.66G   0.03761  0.007777         0   0.04539        27       640    0.6034    0.4944    0.5002    0.2336   0.06713   0.01299         0
     40/99     4.66G   0.03666  0.008231         0   0.04489        53       640    0.5529     0.501    0.4899    0.2245   0.06719   0.01309         0
     41/99     4.66G   0.03745   0.00797         0   0.04542        84       640    0.6476    0.4836    0.5314    0.2403   0.06755   0.01296         0
     42/99     4.66G    0.0367  0.008143         0   0.04484        61       640    0.6308    0.5368    0.5421    0.2532   0.06671     0.013         0
     43/99     4.66G   0.03639  0.007903         0    0.0443        73       640    0.7171    0.5077    0.5519    0.2529   0.06638    0.0129         0
     44/99     4.66G   0.03624  0.007719         0   0.04396        52       640    0.6504    0.5493    0.5563    0.2537   0.06745   0.01316         0
     45/99     4.66G   0.03593  0.008031         0   0.04396        51       640     0.682    0.5397    0.5736    0.2607   0.06627   0.01272         0
     46/99     4.66G     0.036  0.007462         0   0.04347        45       640    0.6733    0.4826    0.5371    0.2529   0.06694   0.01258         0
     47/99     4.66G   0.03553  0.007974         0    0.0435        66       640    0.6065    0.5455    0.5443    0.2576   0.06695   0.01295         0
     48/99     4.66G   0.03552  0.007968         0   0.04349        52       640    0.7026    0.5599    0.5876    0.2782   0.06576   0.01278         0
     49/99     4.66G   0.03535  0.008056         0   0.04341        45       640    0.6665    0.5609    0.5757    0.2719   0.06665   0.01301         0
     50/99     4.66G   0.03505  0.008002         0   0.04305        65       640    0.6897    0.5222    0.5634    0.2564   0.06659   0.01307         0
     51/99     4.66G     0.035  0.007907         0   0.04291        84       640    0.6858    0.5278    0.5608    0.2589    0.0668   0.01308         0
     52/99     4.66G   0.03442  0.008169         0   0.04259        71       640    0.6802    0.5244    0.5597    0.2642   0.06603   0.01308         0
     53/99     4.66G   0.03479  0.007783         0   0.04257        43       640    0.7007     0.489    0.5497    0.2582   0.06559   0.01392         0
     54/99     4.66G   0.03446  0.007918         0   0.04238        59       640    0.6728    0.5503    0.5742    0.2711   0.06548   0.01277         0
     55/99     4.66G   0.03378   0.00791         0   0.04169        64       640    0.6627    0.5571    0.5784     0.277   0.06563   0.01319         0
     56/99     4.66G   0.03395  0.008003         0   0.04196        56       640    0.7057    0.5455    0.5886    0.2834   0.06469   0.01317         0
     57/99     4.66G   0.03368  0.008225         0   0.04191        70       640    0.7019    0.5464     0.589    0.2868   0.06455   0.01326         0
     58/99     4.66G   0.03354  0.007517         0   0.04106        50       640    0.6708    0.5397    0.5705    0.2675   0.06502   0.01319         0
     59/99     4.66G   0.03349  0.007762         0   0.04125        65       640    0.7086    0.5551    0.5954    0.2823   0.06519   0.01315         0
     60/99     4.66G   0.03321  0.007692         0    0.0409        70       640    0.6871    0.5445    0.5886     0.276   0.06496   0.01323         0
     61/99     4.66G   0.03261  0.008022         0   0.04064        91       640    0.7223    0.5513    0.5976    0.2822   0.06472    0.0134         0
     62/99     4.66G   0.03261  0.007551         0   0.04016        29       640    0.6894    0.5542    0.5817      0.27   0.06492   0.01348         0
     63/99     4.66G   0.03177  0.007541         0   0.03931        33       640    0.7145    0.5377    0.5885    0.2779   0.06411   0.01306         0
     64/99     4.66G   0.03294  0.007525         0   0.04047        45       640    0.6663    0.5734       0.6    0.2791    0.0646   0.01359         0
     65/99     4.66G   0.03216  0.007501         0   0.03966       109       640    0.7408    0.5307    0.5896    0.2758   0.06467   0.01333         0
     66/99     4.66G   0.03213  0.007677         0    0.0398        72       640     0.664    0.5928    0.6055    0.2929    0.0637   0.01353         0
     67/99     4.66G   0.03178  0.007557         0   0.03934        45       640    0.7153    0.5832    0.6169    0.2969   0.06354   0.01333         0
     68/99     4.66G   0.03188   0.00746         0   0.03934        70       640    0.6681    0.5977     0.609    0.2821   0.06382   0.01368         0
     69/99     4.66G   0.03148  0.007493         0   0.03897        36       640    0.7135    0.5571    0.6099    0.2965   0.06366   0.01351         0
     70/99     4.66G   0.03135  0.007279         0   0.03862        60       640    0.7197    0.5832    0.6277    0.3017   0.06369   0.01338         0
     71/99     4.66G   0.03175  0.007913         0   0.03966        47       640    0.6913    0.5848    0.6204    0.3003   0.06332   0.01328         0
     72/99     4.66G   0.03115  0.007286         0   0.03844        54       640    0.7219      0.56    0.6239    0.3007   0.06391   0.01348         0
     73/99     4.66G   0.03175  0.007875         0   0.03963        57       640    0.7453    0.5802     0.634    0.3053   0.06368    0.0133         0
     74/99     4.66G   0.03105  0.007322         0   0.03837        53       640    0.7098    0.5986     0.636    0.3059   0.06308   0.01364         0
     75/99     4.66G   0.03103   0.00719         0   0.03822        37       640    0.6896    0.5953    0.6261    0.3002   0.06345   0.01353         0
     76/99     4.66G   0.03067  0.007319         0   0.03799        77       640    0.7046    0.5899    0.6218    0.3034   0.06309   0.01337         0
     77/99     4.66G   0.03084  0.007275         0   0.03811        48       640    0.7047    0.5655    0.6096    0.2954   0.06347   0.01374         0
     78/99     4.66G   0.03038  0.007486         0   0.03786        38       640    0.7473     0.587    0.6423    0.3075   0.06318   0.01339         0
     79/99     4.66G   0.03088  0.007429         0   0.03831        58       640     0.701    0.6103    0.6363    0.3094   0.06308   0.01353         0
     80/99     4.66G   0.03033  0.007238         0   0.03757        90       640    0.7041    0.5851    0.6239    0.3044   0.06309   0.01354         0
     81/99     4.66G   0.02994  0.006887         0   0.03683        42       640    0.7152    0.5877    0.6364     0.314   0.06293   0.01345         0
     82/99     4.66G   0.03016   0.00737         0   0.03753        59       640    0.7039    0.6054    0.6321    0.3106   0.06269   0.01348         0
     83/99     4.66G   0.03021  0.007292         0   0.03751        44       640    0.7543    0.5706    0.6407    0.3097   0.06282   0.01349         0
     84/99     4.66G   0.02983  0.007223         0   0.03706        57       640    0.7854    0.5628    0.6441    0.3098   0.06331   0.01367         0
     85/99     4.66G   0.02992  0.007194         0   0.03712        80       640    0.7228    0.5938    0.6408    0.3122   0.06298   0.01349         0
     86/99     4.66G   0.03006  0.007287         0   0.03735        71       640    0.7489    0.5684    0.6322    0.3112   0.06309   0.01347         0
     87/99     4.66G   0.02994  0.006994         0   0.03693        77       640    0.7364    0.5822      0.64    0.3153   0.06282    0.0135         0
     88/99     4.66G   0.02979  0.007451         0   0.03724        37       640    0.7041    0.6035    0.6351    0.3113   0.06258   0.01351         0
     89/99     4.66G   0.02917  0.007237         0   0.03641        78       640    0.6958     0.615    0.6412     0.315    0.0626   0.01351         0
     90/99     4.66G   0.02906  0.007205         0   0.03626        34       640    0.7521    0.5869    0.6464    0.3181   0.06271   0.01345         0
     91/99     4.66G   0.02961  0.007242         0   0.03685        73       640    0.7193    0.6035    0.6412    0.3165   0.06254   0.01336         0
     92/99     4.66G   0.02923  0.007244         0   0.03648        42       640    0.7383     0.587    0.6423     0.318   0.06252   0.01343         0
     93/99     4.66G   0.02896  0.006866         0   0.03582        63       640    0.7181    0.5985    0.6436    0.3197   0.06248   0.01345         0
     94/99     4.66G   0.02856   0.00703         0   0.03559        40       640    0.6931    0.6141    0.6454    0.3211   0.06246   0.01345         0
     95/99     4.66G   0.02928  0.006972         0   0.03626        51       640    0.7367    0.5996    0.6454    0.3172   0.06255   0.01349         0
     96/99     4.66G    0.0288  0.007302         0    0.0361        54       640    0.7279    0.6025    0.6497    0.3206   0.06252   0.01345         0
     97/99     4.66G   0.02916  0.007139         0    0.0363        70       640    0.7467    0.5851    0.6439    0.3205   0.06242   0.01345         0
     98/99     4.66G   0.02907  0.006833         0   0.03591        85       640    0.7518    0.5803    0.6482    0.3207   0.06237   0.01349         0
     99/99     4.66G   0.02915   0.00714         0   0.03629        50       640    0.6889    0.6238    0.6504    0.3221   0.06238   0.01347         0
