      0/99     12.6G   0.08192    0.4817         0    0.5637        20       576   0.01734   0.02031  0.001423   0.00023   0.09363   0.01565         0
      1/99     12.4G   0.07897  0.009538         0   0.08851        25       384   0.05021   0.08027   0.01558  0.003018    0.0908  0.009231         0
      2/99     12.4G   0.06887  0.007428         0    0.0763        14       864    0.1677    0.2021   0.07651   0.01525   0.08192  0.009967         0
      3/99     12.4G   0.05885   0.00704         0   0.06589        28       416    0.3693    0.3008    0.2549   0.08501   0.07514   0.00913         0
      4/99     12.4G   0.05289  0.007081         0   0.05997        44       768    0.3944    0.3133    0.2755     0.101   0.07043  0.009776         0
      5/99     12.4G   0.04944  0.007968         0   0.05741        30       640    0.3884    0.2834     0.248   0.09997   0.06925  0.009397         0
      6/99     12.4G   0.04994  0.007656         0    0.0576        28       384    0.4332    0.3008    0.2846    0.1011   0.06798   0.01004         0
      7/99     12.4G   0.04801  0.008042         0   0.05605        24       576    0.4726    0.3718     0.342    0.1312   0.06461  0.009778         0
      8/99     12.4G   0.04728  0.007442         0   0.05472        22       544    0.4345    0.3994    0.3469    0.1347   0.06619  0.009616         0
      9/99     12.4G   0.04688  0.007457         0   0.05434        21       768     0.592    0.3839    0.3996    0.1583   0.06303  0.009834         0
     10/99     12.4G   0.04545  0.008167         0   0.05362        37       608    0.5174    0.4217    0.4013    0.1612   0.06277  0.009557         0
     11/99     12.4G   0.04411   0.00791         0   0.05202        28       640    0.5144    0.4159    0.4033    0.1666   0.06348  0.009715         0
     12/99     12.4G   0.04549  0.007756         0   0.05324        21       736    0.4972    0.4033    0.3826    0.1578   0.06411  0.009727         0
     13/99     12.4G    0.0438  0.007856         0   0.05166        41       640    0.5604    0.4565    0.4661    0.1912   0.06173  0.009258         0
     14/99     12.4G   0.04267  0.007818         0   0.05048        30       480    0.5676    0.4545    0.4575    0.1929   0.06227  0.009257         0
     15/99     12.4G   0.04144  0.007495         0   0.04894        20       896    0.4983    0.4981    0.4787     0.204   0.06139  0.009323         0
     16/99     12.4G   0.04058  0.006954         0   0.04754        44       768    0.5564    0.4901     0.498    0.2274   0.05876  0.009177         0
     17/99     12.4G    0.0405   0.00753         0   0.04803        31       544    0.6014    0.5184     0.527    0.2459   0.05746  0.008851         0
     18/99     12.4G   0.03964  0.007404         0   0.04705        31       480    0.6403    0.4961    0.5438    0.2378    0.0567  0.008925         0
     19/99     12.4G   0.04097  0.007492         0   0.04846        28       544    0.6184    0.4536    0.5012    0.2273   0.05588   0.00897         0
     20/99     12.4G   0.04026  0.007267         0   0.04753        38       320    0.6065    0.5397    0.5617    0.2594   0.05841  0.008791         0
     21/99     12.4G   0.04005  0.007235         0   0.04729        36       480     0.589    0.5086    0.5225    0.2346   0.05685   0.00935         0
     22/99     12.4G   0.03937  0.007104         0   0.04648        29       320    0.7021    0.5048    0.5617    0.2487   0.05526  0.009219         0
     23/99     12.4G   0.03925  0.007386         0   0.04663        27       704    0.5825    0.5474    0.5329    0.2557   0.05448  0.009304         0
     24/99     12.4G   0.03857  0.007151         0   0.04572        16       800    0.7033    0.5068    0.5621     0.266   0.05451  0.009036         0
     25/99     12.4G   0.03792  0.007099         0   0.04502        23       832     0.627    0.5261    0.5361    0.2548   0.05479  0.009072         0
     26/99     12.4G   0.03802  0.007277         0    0.0453        16       448    0.6459    0.5609    0.5953    0.2797    0.0552  0.009068         0
     27/99     12.4G    0.0369  0.006854         0   0.04376        11       768    0.6683    0.5028    0.5474    0.2607   0.05431  0.009036         0
     28/99     12.4G   0.03796  0.006899         0   0.04486        35       928     0.688    0.5174    0.5736    0.2629   0.05397  0.009104         0
     29/99     12.4G   0.03784  0.006893         0   0.04473        13       576    0.6278    0.5595    0.5743    0.2718   0.05315  0.009294         0
     30/99     12.4G   0.03702  0.006896         0   0.04391        40       448    0.6248    0.5706    0.5744    0.2752   0.05263  0.009214         0
     31/99     12.4G   0.03708  0.007008         0   0.04409        26       608    0.5963    0.5348    0.5452    0.2546   0.05518  0.009605         0
     32/99     12.4G   0.03686  0.006943         0    0.0438        18       384    0.6379    0.5803    0.5982    0.2878   0.05335  0.009084         0
     33/99     12.4G   0.03622  0.007007         0   0.04323        19       896    0.6045     0.588    0.5823    0.2862   0.05077  0.009276         0
     34/99     12.4G   0.03613  0.006375         0    0.0425        30       320     0.707     0.589    0.6402    0.3096   0.05175  0.008996         0
     35/99     12.4G   0.03591  0.006528         0   0.04244        15       736    0.6281    0.5667    0.5733    0.2725   0.05194  0.009271         0
     36/99     12.4G    0.0358  0.006841         0   0.04264        41       704    0.6119    0.6238    0.5952    0.2915   0.05157  0.009112         0
     37/99     12.4G   0.03528  0.007061         0   0.04234        23       448    0.6769    0.5531    0.5865    0.2837   0.05025  0.009284         0
     38/99     12.4G    0.0342  0.006669         0   0.04087        30       672    0.7386    0.5416    0.6373    0.3214   0.04992  0.009063         0
     39/99     12.4G   0.03567  0.006483         0   0.04215        51       672    0.6732      0.56    0.5953    0.2905   0.04924  0.009221         0
     40/99     12.4G   0.03509  0.006232         0   0.04132        44       960    0.6719    0.5586    0.5993    0.2899   0.04971  0.009301         0
     41/99     12.4G   0.03478  0.006504         0   0.04129        29       768    0.6773    0.5724    0.6095    0.2987   0.04901  0.009549         0
     42/99     12.4G   0.03414  0.006617         0   0.04076        14       480    0.6953    0.5551    0.6215    0.3043    0.0497  0.009371         0
     43/99     12.4G   0.03481  0.006812         0   0.04163         8       480    0.7073    0.5725    0.6292    0.3058   0.04948  0.009102         0
     44/99     12.4G   0.03396  0.006602         0   0.04056        17       896    0.6885    0.5667    0.6156     0.304   0.04918   0.00919         0
     45/99     12.4G   0.03387  0.006807         0   0.04068        23       832    0.6883    0.5542    0.5983    0.2996   0.04979  0.009051         0
     46/99     12.4G    0.0341  0.006655         0   0.04075        22       384    0.6438    0.5725    0.6029    0.3057   0.04864  0.009191         0
     47/99     12.4G   0.03325  0.006119         0   0.03937        27       416     0.686    0.5936    0.6304    0.3066   0.04852  0.009161         0
     48/99     12.4G   0.03371  0.005927         0   0.03964        16       672     0.668    0.5667    0.6051    0.3034   0.04845  0.009278         0
     49/99     12.4G   0.03299  0.006824         0   0.03981        35       416    0.6184    0.6238    0.6167    0.3041   0.04971  0.009333         0
     50/99     12.4G   0.03269  0.006452         0   0.03914        25       448     0.683    0.5917    0.6235    0.3103   0.04881  0.009381         0
     51/99     12.4G   0.03232     0.007         0   0.03932        18       800     0.683    0.5919    0.6292    0.3217   0.04757   0.00924         0
     52/99     12.4G   0.03272  0.006779         0    0.0395        13       736    0.7737    0.5454      0.64    0.3139   0.04789  0.009586         0
     53/99     12.4G   0.03253  0.006343         0   0.03887        24       704    0.7286    0.6076    0.6634    0.3247   0.04719  0.009337         0
     54/99     12.4G   0.03213  0.006307         0   0.03843        31       832    0.7153    0.5957    0.6523    0.3311   0.04665   0.00941         0
     55/99     12.4G   0.03207  0.006647         0   0.03872        22       800    0.6929    0.6112    0.6369    0.3133   0.04701  0.009572         0
     56/99     12.4G   0.03206  0.006203         0   0.03826        28       864    0.7055    0.6074     0.661    0.3301     0.047  0.009428         0
     57/99     12.4G   0.03142  0.006471         0   0.03789        18       960    0.7111    0.5938    0.6489    0.3322   0.04663  0.009385         0
     58/99     12.4G   0.03182  0.006633         0   0.03846        52       320     0.749    0.5744    0.6599    0.3337   0.04679   0.00945         0
     59/99     12.4G   0.03134  0.006125         0   0.03746        11       736     0.661     0.647    0.6527    0.3266   0.04643  0.009802         0
     60/99     12.4G   0.03054  0.005771         0   0.03631        18       384    0.7103    0.6132    0.6539    0.3276   0.04602  0.009349         0
     61/99     12.4G   0.03134  0.006224         0   0.03756        25       608    0.7367    0.6122    0.6752    0.3333   0.04604  0.009543         0
     62/99     12.4G   0.03153  0.006198         0   0.03773        23       544    0.7372    0.6257    0.6863     0.351   0.04492  0.009229         0
     63/99     12.4G   0.03087  0.005714         0   0.03659        13       320      0.77    0.6054    0.6838    0.3431   0.04561  0.009174         0
     64/99     12.4G   0.03057  0.006702         0   0.03728        35       576    0.7878    0.6006    0.6888    0.3504   0.04488  0.009274         0
     65/99     12.4G   0.03026  0.005734         0   0.03599        28       704    0.7676    0.6197    0.6871    0.3472   0.04514  0.009376         0
     66/99     12.4G    0.0305  0.006071         0   0.03657        32       512    0.7255    0.6248    0.6738    0.3309   0.04615  0.009344         0
     67/99     12.4G   0.03048  0.006151         0   0.03664        22       544    0.7154    0.6273    0.6724    0.3389   0.04523  0.009228         0
     68/99     12.4G   0.03043  0.006386         0   0.03681        26       448     0.693    0.6615    0.6867    0.3432   0.04474  0.009207         0
     69/99     12.4G   0.03044  0.005998         0   0.03644        26       512    0.7813    0.5633    0.6693    0.3438   0.04495   0.00924         0
     70/99     12.4G   0.02905  0.005773         0   0.03482        36       352    0.7921    0.5696    0.6727    0.3378   0.04585  0.009426         0
     71/99     12.4G   0.02915    0.0062         0   0.03535        34       320    0.7451    0.6006    0.6822    0.3508    0.0441  0.009288         0
     72/99     12.4G   0.02866  0.006169         0   0.03483        30       608    0.7599    0.6112    0.6861    0.3472   0.04435  0.009391         0
     73/99     12.4G   0.02893  0.005863         0    0.0348        19       800     0.785    0.5899    0.6862    0.3517   0.04403  0.009494         0
     74/99     12.4G    0.0288  0.006069         0   0.03487        22       672    0.7485    0.6362     0.697    0.3561   0.04388  0.009479         0
     75/99     12.4G    0.0296  0.006148         0   0.03575        33       832    0.7907    0.5918    0.6975    0.3566   0.04412  0.009611         0
     76/99     12.4G   0.02877   0.00622         0   0.03499        18       736    0.7298    0.6451    0.6984     0.355   0.04353  0.009494         0
     77/99     12.4G   0.02866  0.005815         0   0.03447        25       672    0.7753    0.6044    0.6883    0.3438   0.04377  0.009898         0
     78/99     12.4G    0.0279  0.005743         0   0.03364        38       512    0.6984     0.648    0.6806    0.3488   0.04341  0.009702         0
     79/99     12.4G    0.0283  0.006067         0   0.03437        18       512    0.7584     0.619    0.6881    0.3493   0.04401  0.009825         0
     80/99     12.4G   0.02825  0.006148         0    0.0344        25       896    0.7535    0.6207     0.696    0.3531   0.04364  0.009515         0
     81/99     12.4G   0.02758  0.005628         0   0.03321        24       864    0.7877     0.619    0.7091    0.3612   0.04416  0.009568         0
     82/99     12.4G    0.0275  0.006323         0   0.03383        38       768    0.7791    0.5977    0.6921    0.3574   0.04405  0.009398         0
     83/99     12.4G   0.02784  0.005728         0   0.03357        22       608    0.7449    0.6409    0.7032    0.3574   0.04373  0.009568         0
     84/99     12.4G   0.02765  0.005766         0   0.03341        17       864    0.7441     0.618     0.682     0.357   0.04339   0.00945         0
     85/99     12.4G   0.02796  0.005524         0   0.03349        30       960    0.7352    0.6286    0.6817    0.3528    0.0432  0.009543         0
     86/99     12.4G    0.0274  0.005529         0   0.03293        26       832    0.7039    0.6373    0.6815    0.3515   0.04366  0.009609         0
     87/99     12.4G   0.02776  0.005428         0   0.03318        23       512    0.7992    0.6132    0.6987    0.3561   0.04361  0.009563         0
     88/99     12.4G    0.0268   0.00519         0   0.03199        35       448    0.7685    0.6324    0.7037     0.364   0.04301  0.009432         0
     89/99     12.4G   0.02723  0.005799         0   0.03303        28       480    0.7549    0.6286    0.7011    0.3634   0.04345  0.009538         0
     90/99     12.4G    0.0269  0.005315         0   0.03221        16       832    0.7392    0.6305     0.687    0.3538    0.0433  0.009609         0
     91/99     12.4G   0.02736  0.005731         0    0.0331        17       832     0.749    0.6402    0.6954    0.3596    0.0432  0.009596         0
     92/99     12.4G   0.02738  0.005857         0   0.03323        18       704    0.7505    0.6372    0.7032    0.3577   0.04379  0.009631         0
     93/99     12.4G   0.02661  0.005505         0   0.03212        41       608    0.7636    0.6315    0.7063    0.3609    0.0433  0.009604         0
     94/99     12.4G   0.02645  0.005518         0   0.03197        21       832    0.7292    0.6535    0.6971    0.3633   0.04284  0.009597         0
     95/99     12.4G   0.02736  0.005386         0   0.03275        16       512    0.7342     0.647    0.6925    0.3643   0.04306  0.009666         0
     96/99     12.4G   0.02636  0.005238         0   0.03159        31       480    0.7582    0.6217    0.6922    0.3525   0.04348  0.009735         0
     97/99     12.4G   0.02642   0.00521         0   0.03163        26       896    0.7546    0.6305    0.6982    0.3587   0.04347  0.009864         0
     98/99     12.4G   0.02681  0.005494         0   0.03231        39       800    0.7983     0.601    0.6973    0.3632   0.04315  0.009654         0
     99/99     12.4G   0.02644   0.00577         0   0.03221        36       576    0.7528    0.6449    0.7085    0.3692   0.04285   0.00959         0
