      0/99     12.8G   0.07917    0.6868         0     0.766        53       640   0.01799   0.02611  0.001722 0.0002412    0.1037   0.03528         0
      1/99     12.5G   0.07957   0.01545         0   0.09501        41       640   0.03144   0.03385    0.0033 0.0005312    0.1032   0.01075         0
      2/99     15.5G   0.07553  0.007212         0   0.08274        54       640    0.3107    0.1422    0.1137    0.0262   0.09867  0.008935         0
      3/99     15.5G   0.06645    0.0061         0   0.07255        69       640    0.3475    0.3095    0.2332   0.06047   0.09007  0.008551         0
      4/99     15.5G   0.05585  0.005862         0   0.06171        51       640    0.5863    0.3769    0.3987    0.1503   0.08054   0.00828         0
      5/99     15.5G   0.04944  0.005785         0   0.05523        57       640    0.5303    0.4652    0.4379    0.1728   0.07457  0.008641         0
      6/99     15.5G   0.04646  0.005713         0   0.05217        45       640    0.6269    0.4014    0.4338    0.1805   0.07437  0.008625         0
      7/99     15.5G   0.04431  0.005841         0   0.05015        44       640    0.5266    0.4749    0.4594    0.1982   0.06983  0.008801         0
      8/99     15.5G   0.04226  0.005668         0   0.04793        40       640      0.55    0.3594    0.3594    0.1519   0.07442   0.01007         0
      9/99     15.5G   0.04115  0.005911         0   0.04706        64       640    0.6144    0.5116     0.528    0.2447   0.06506  0.008541         0
     10/99     15.5G   0.04066  0.005917         0   0.04658        57       640    0.4761    0.4474    0.4221    0.1858   0.06589  0.009414         0
     11/99     15.5G   0.04135  0.006039         0   0.04739        52       640    0.4992    0.4729    0.4311    0.1885   0.06793  0.009561         0
     12/99     15.5G   0.04293  0.005871         0   0.04881        43       640    0.5298    0.4004    0.3903    0.1616   0.06943  0.009634         0
     13/99     15.5G   0.04195  0.006209         0   0.04816        72       640    0.6517    0.4381    0.4827    0.2054   0.06753  0.009166         0
     14/99     15.5G   0.04061  0.005982         0   0.04659        68       640    0.5413    0.4536    0.4484    0.1978   0.06662  0.009755         0
     15/99     15.5G   0.03953  0.006094         0   0.04562        37       640    0.5345    0.5242    0.4957    0.2213   0.06485  0.009399         0
     16/99     15.5G   0.03916  0.005964         0   0.04513        70       640    0.5727    0.5249    0.5078    0.2293   0.06364  0.009135         0
     17/99     15.5G   0.03893  0.006012         0   0.04494        45       640    0.5962    0.5019    0.5174    0.2317   0.06344  0.009044         0
     18/99     15.5G   0.03854  0.005793         0   0.04433        49       640    0.5119    0.5068    0.4796    0.2205   0.06501  0.009451         0
     19/99     15.5G   0.03728  0.005932         0   0.04321        41       640    0.6551     0.501     0.527    0.2426   0.06321  0.009182         0
     20/99     15.5G   0.03725   0.00572         0   0.04297        70       640    0.6339    0.5812    0.5909    0.2803   0.05963  0.009151         0
     21/99     15.5G   0.03661  0.005659         0   0.04227        56       640    0.6603    0.5376    0.5594    0.2647   0.06095  0.009134         0
     22/99     15.5G   0.03558  0.005597         0   0.04118        53       640    0.7056    0.4778    0.5649    0.2722   0.06141  0.009451         0
     23/99     15.5G   0.03581  0.005577         0   0.04138        42       640     0.634    0.4691    0.5062    0.2306   0.06111  0.009515         0
     24/99     15.5G   0.03538  0.005705         0   0.04109        45       640    0.6826    0.5658    0.5975    0.2796   0.05815  0.008994         0
     25/99     15.5G   0.03474  0.005582         0   0.04032        56       640    0.7206    0.5637    0.6219    0.2875   0.05756  0.009057         0
     26/99     15.5G   0.03421  0.005536         0   0.03974        38       640    0.6195    0.5609    0.5775    0.2736   0.05914  0.009258         0
     27/99     15.5G   0.03424  0.005649         0   0.03989        49       640    0.5179    0.4797    0.4647    0.2194   0.06232   0.01037         0
     28/99     15.5G   0.03394  0.005533         0   0.03947        64       640    0.6314    0.5551    0.5858    0.2728   0.05989  0.009303         0
     29/99     15.5G   0.03463  0.005555         0   0.04019        52       640    0.7042    0.5503    0.6167    0.3093   0.05593   0.00912         0
     30/99     15.5G   0.03398  0.005684         0   0.03966        85       640    0.7243    0.5899    0.6372    0.3077   0.05789  0.008918         0
     31/99     15.5G   0.03304  0.005493         0   0.03853        51       640    0.7297     0.588    0.6335    0.3081   0.05753   0.00927         0
     32/99     15.5G   0.03315  0.005075         0   0.03823        42       640    0.6561    0.5959    0.6155    0.2981   0.05741  0.009429         0
     33/99     15.5G   0.03253  0.005246         0   0.03777        38       640    0.6462    0.5936    0.6092    0.2984   0.05649  0.009137         0
     34/99     15.5G   0.03226  0.005273         0   0.03753        64       640    0.7544    0.5503     0.634    0.3008    0.0567  0.009208         0
     35/99     15.5G   0.03238  0.005261         0   0.03764        39       640    0.6537    0.5878    0.6113    0.2997   0.05761  0.009403         0
     36/99     15.5G   0.03215  0.005228         0   0.03738        45       640    0.7096    0.5696    0.6218    0.2941   0.05669  0.009034         0
     37/99     15.5G   0.03173  0.005104         0   0.03684        55       640    0.6999    0.5414    0.5943    0.2998    0.0567    0.0092         0
     38/99     15.5G   0.03127   0.00508         0   0.03635        50       640    0.6715    0.6189    0.6255    0.3025   0.05626  0.009074         0
     39/99     15.5G   0.03126  0.005063         0   0.03632        78       640    0.6549    0.6161    0.6255    0.3078   0.05665   0.00938         0
     40/99     15.5G   0.03103  0.004779         0   0.03581        44       640    0.7596    0.5812    0.6531    0.3241   0.05681  0.009016         0
     41/99     15.5G   0.03153  0.005043         0   0.03657        72       640    0.7415    0.5909    0.6327    0.3074   0.05613  0.009164         0
     42/99     15.5G   0.03033  0.005017         0   0.03535        77       640    0.7353    0.6054    0.6616    0.3227   0.05411  0.009122         0
     43/99     15.5G   0.03047  0.004916         0   0.03538        25       640    0.6907    0.6501    0.6715     0.329   0.05537   0.00908         0
     44/99     15.5G   0.02995  0.005079         0   0.03503        50       640    0.7078     0.587    0.6237    0.3131   0.05435   0.00925         0
     45/99     15.5G   0.02953  0.005054         0   0.03458        58       640    0.7566    0.5745    0.6439    0.3273   0.05391  0.009243         0
     46/99     15.5G   0.02988  0.004938         0   0.03482        51       640    0.7503    0.6025     0.663    0.3404   0.05329  0.009101         0
     47/99     15.5G   0.02961  0.004677         0   0.03429        52       640     0.759    0.5948    0.6557    0.3326   0.05361  0.009259         0
     48/99     15.5G    0.0293  0.004728         0   0.03403        78       640    0.7375    0.6034    0.6658    0.3403   0.05381  0.009328         0
     49/99     15.5G   0.02855  0.004997         0   0.03355        66       640    0.7317    0.6364    0.6578    0.3321    0.0528  0.008951         0
     50/99     15.5G   0.02825  0.004702         0   0.03295        59       640    0.7137     0.648    0.6701    0.3496   0.05331  0.008963         0
     51/99     15.5G   0.02796  0.004842         0   0.03281        48       640    0.7231    0.6219    0.6676    0.3395   0.05374  0.009289         0
     52/99     15.5G   0.02781  0.004793         0    0.0326        79       640    0.7232    0.6343    0.6644    0.3475   0.05232  0.009275         0
     53/99     15.5G   0.02815  0.004505         0   0.03265        62       640    0.7461    0.6112    0.6549    0.3333   0.05405  0.009658         0
     54/99     15.5G   0.02756  0.004667         0   0.03222        45       640    0.7681    0.5926    0.6755     0.349    0.0535  0.009495         0
     55/99     15.5G   0.02723   0.00441         0   0.03164        49       640    0.6829    0.6528    0.6601     0.331     0.054  0.009538         0
     56/99     15.5G   0.02713  0.004573         0   0.03171        56       640    0.7557    0.6209    0.6667    0.3439   0.05301  0.009507         0
     57/99     15.5G   0.02712  0.004577         0    0.0317        45       640    0.7149    0.6248    0.6524    0.3383   0.05261  0.009525         0
     58/99     15.5G   0.02667  0.004473         0   0.03114        47       640    0.7172    0.6015    0.6534    0.3405   0.05173  0.009523         0
     59/99     15.5G   0.02664    0.0044         0   0.03104        33       640    0.7488    0.6198    0.6849     0.357   0.05148  0.009392         0
     60/99     15.5G   0.02608  0.004326         0   0.03041        43       640    0.7319    0.6267    0.6683    0.3522   0.05205  0.009403         0
     61/99     15.5G   0.02617  0.004428         0    0.0306        44       640    0.7014    0.6161    0.6464    0.3335   0.05183   0.00948         0
     62/99     15.5G   0.02606  0.004446         0   0.03051        51       640    0.7096    0.6596    0.6794    0.3555   0.05186  0.009544         0
     63/99     15.5G   0.02579  0.004367         0   0.03015        34       640    0.7287    0.6683    0.6983    0.3661   0.05046  0.009493         0
     64/99     15.5G   0.02515  0.004375         0   0.02952        56       640    0.7597    0.6206    0.6795    0.3593   0.05055  0.009758         0
     65/99     15.5G    0.0255  0.004365         0   0.02987        49       640    0.7316    0.6537    0.6817    0.3494   0.05103  0.009778         0
     66/99     15.5G   0.02523  0.004305         0   0.02953        54       640    0.7548    0.6354    0.6971    0.3687   0.05103  0.009576         0
     67/99     15.5G   0.02563  0.004204         0   0.02984        37       640    0.7645    0.6596     0.704    0.3682   0.05038  0.009598         0
     68/99     15.5G   0.02468  0.004236         0   0.02891        35       640     0.725    0.6603    0.6805    0.3602    0.0512  0.009567         0
     69/99     15.5G   0.02453  0.004283         0   0.02881        51       640      0.77     0.619     0.683    0.3558   0.05129  0.009758         0
     70/99     15.5G   0.02405  0.004062         0   0.02811        36       640     0.725    0.6528      0.69    0.3604   0.05157  0.009879         0
     71/99     15.5G   0.02404  0.004332         0   0.02837        61       640    0.7848    0.6354    0.6968    0.3642   0.05025  0.009612         0
     72/99     15.5G   0.02367  0.004115         0   0.02778        60       640    0.7689    0.6412    0.6886    0.3629   0.05119  0.009847         0
     73/99     15.5G   0.02354  0.004191         0   0.02773        41       640    0.7152    0.6605    0.6835    0.3586   0.05185    0.0099         0
     74/99     15.5G   0.02346  0.004208         0   0.02767        52       640    0.7733    0.6634    0.7092    0.3631    0.0508  0.009697         0
     75/99     15.5G    0.0235  0.004031         0   0.02754        60       640    0.7675    0.6228     0.686     0.357   0.05149  0.009984         0
     76/99     15.5G   0.02305  0.004053         0    0.0271        43       640    0.7352     0.677    0.6942    0.3664   0.05109  0.009659         0
     77/99     15.5G   0.02287  0.003982         0   0.02685        63       640    0.7387    0.6699     0.698    0.3634   0.05138  0.009696         0
     78/99     15.5G   0.02279  0.004016         0   0.02681        52       640     0.746    0.6476    0.6851    0.3603   0.05113      0.01         0
     79/99     15.5G   0.02284  0.004063         0   0.02691        36       640    0.7077    0.6538    0.6763     0.358   0.05086  0.009931         0
     80/99     15.5G   0.02252  0.004013         0   0.02653        49       640    0.7814    0.6431    0.6972     0.369    0.0507  0.009999         0
     81/99     15.5G   0.02238  0.004045         0   0.02643        69       640    0.7662    0.6354    0.6886    0.3631   0.05124  0.009852         0
     82/99     15.5G   0.02188  0.003964         0   0.02585        58       640    0.7453    0.6509    0.6916    0.3638    0.0506  0.009999         0
     83/99     15.5G   0.02236  0.004023         0   0.02639        63       640    0.7847    0.6315    0.6973    0.3652   0.05058   0.01009         0
     84/99     15.5G   0.02191  0.003934         0   0.02584        45       640    0.7169    0.6905    0.6977    0.3653   0.05073  0.009987         0
     85/99     15.5G   0.02218  0.003889         0   0.02606        71       640    0.6923    0.6905    0.6811    0.3582    0.0498   0.01018         0
     86/99     15.5G   0.02194  0.003917         0   0.02586        53       640     0.716    0.6586    0.6776    0.3621   0.04997   0.01022         0
     87/99     15.5G   0.02193  0.003731         0   0.02566        36       640    0.7812    0.6373     0.685    0.3638   0.05071   0.01012         0
     88/99     15.5G   0.02159  0.003757         0   0.02535        46       640     0.749    0.6528    0.6823    0.3661   0.05059   0.01011         0
     89/99     15.5G   0.02172   0.00391         0   0.02563        58       640    0.7483    0.6644    0.6859    0.3652   0.04948   0.01005         0
     90/99     15.5G   0.02134  0.003987         0   0.02532        84       640     0.752    0.6538    0.6928    0.3656   0.05033   0.01033         0
     91/99     15.5G   0.02146  0.003822         0   0.02528        44       640    0.7361    0.6838    0.7037    0.3693   0.04974   0.01008         0
     92/99     15.5G    0.0215  0.003747         0   0.02525        58       640    0.7788    0.6412    0.6943    0.3666    0.0506   0.01009         0
     93/99     15.5G   0.02092  0.003704         0   0.02462        70       640    0.7517    0.6498    0.6878    0.3648   0.05027   0.01003         0
     94/99     15.5G   0.02063  0.003872         0   0.02451        52       640    0.7758    0.6567    0.7033    0.3716   0.04927   0.01014         0
     95/99     15.5G   0.02109  0.003705         0    0.0248        51       640    0.7276    0.6876     0.702    0.3702    0.0493   0.01024         0
     96/99     15.5G   0.02083  0.003771         0    0.0246        58       640    0.7739    0.6422    0.7004    0.3662   0.05003   0.01024         0
     97/99     15.5G   0.02068  0.003812         0    0.0245        69       640     0.755    0.6596    0.6959    0.3628   0.05017   0.01028         0
     98/99     15.5G   0.02108  0.003588         0   0.02467        49       640    0.7745    0.6545    0.6993    0.3663   0.04941   0.01024         0
     99/99     15.5G   0.02019  0.003874         0   0.02407        79       640    0.7333    0.6701     0.704    0.3718    0.0505   0.01044         0
